0.300000E+03 -0.123228E+01  0.576788E+01
0.300801E+03 -0.122775E+01  0.577944E+01
0.301602E+03 -0.122490E+01  0.578789E+01
0.302402E+03 -0.122359E+01  0.579349E+01
0.303203E+03 -0.122359E+01  0.579668E+01
0.304004E+03 -0.122465E+01  0.579792E+01
0.304805E+03 -0.122654E+01  0.579765E+01
0.305606E+03 -0.122900E+01  0.579632E+01
0.306406E+03 -0.123181E+01  0.579440E+01
0.307207E+03 -0.123471E+01  0.579232E+01
0.308008E+03 -0.123748E+01  0.579055E+01
0.308809E+03 -0.123985E+01  0.578952E+01
0.309610E+03 -0.124161E+01  0.578970E+01
0.310410E+03 -0.124249E+01  0.579153E+01
0.311211E+03 -0.124229E+01  0.579541E+01
0.312012E+03 -0.124107E+01  0.580119E+01
0.312813E+03 -0.123910E+01  0.580835E+01
0.313614E+03 -0.123662E+01  0.581637E+01
0.314414E+03 -0.123389E+01  0.582471E+01
0.315215E+03 -0.123117E+01  0.583286E+01
0.316016E+03 -0.122871E+01  0.584028E+01
0.316817E+03 -0.122677E+01  0.584646E+01
0.317618E+03 -0.122562E+01  0.585087E+01
0.318418E+03 -0.122550E+01  0.585299E+01
0.319219E+03 -0.122667E+01  0.585228E+01
0.320020E+03 -0.122938E+01  0.584823E+01
0.320821E+03 -0.123388E+01  0.584036E+01
0.321622E+03 -0.124011E+01  0.582875E+01
0.322422E+03 -0.124780E+01  0.581389E+01
0.323223E+03 -0.125670E+01  0.579628E+01
0.324024E+03 -0.126653E+01  0.577642E+01
0.324825E+03 -0.127704E+01  0.575479E+01
0.325626E+03 -0.128796E+01  0.573190E+01
0.326426E+03 -0.129904E+01  0.570825E+01
0.327227E+03 -0.130999E+01  0.568432E+01
0.328028E+03 -0.132057E+01  0.566062E+01
0.328829E+03 -0.133051E+01  0.563764E+01
0.329630E+03 -0.133955E+01  0.561588E+01
0.330430E+03 -0.134742E+01  0.559583E+01
0.331231E+03 -0.135385E+01  0.557799E+01
0.332032E+03 -0.135862E+01  0.556280E+01
0.332833E+03 -0.136171E+01  0.555031E+01
0.333634E+03 -0.136324E+01  0.554031E+01
0.334434E+03 -0.136332E+01  0.553260E+01
0.335235E+03 -0.136207E+01  0.552699E+01
0.336036E+03 -0.135960E+01  0.552328E+01
0.336837E+03 -0.135604E+01  0.552128E+01
0.337638E+03 -0.135150E+01  0.552077E+01
0.338438E+03 -0.134609E+01  0.552157E+01
0.339239E+03 -0.133993E+01  0.552348E+01
0.340040E+03 -0.133313E+01  0.552630E+01
0.340841E+03 -0.132583E+01  0.552982E+01
0.341642E+03 -0.131812E+01  0.553387E+01
0.342442E+03 -0.131012E+01  0.553822E+01
0.343243E+03 -0.130196E+01  0.554273E+01
0.344044E+03 -0.129374E+01  0.554731E+01
0.344845E+03 -0.128558E+01  0.555195E+01
0.345646E+03 -0.127758E+01  0.555661E+01
0.346446E+03 -0.126987E+01  0.556124E+01
0.347247E+03 -0.126254E+01  0.556582E+01
0.348048E+03 -0.125571E+01  0.557031E+01
0.348849E+03 -0.124950E+01  0.557468E+01
0.349650E+03 -0.124401E+01  0.557889E+01
0.350450E+03 -0.123936E+01  0.558290E+01
0.351251E+03 -0.123565E+01  0.558669E+01
0.352052E+03 -0.123301E+01  0.559021E+01
0.352853E+03 -0.123154E+01  0.559343E+01
0.353654E+03 -0.123135E+01  0.559633E+01
0.354454E+03 -0.123255E+01  0.559885E+01
0.355255E+03 -0.123518E+01  0.560100E+01
0.356056E+03 -0.123917E+01  0.560280E+01
0.356857E+03 -0.124443E+01  0.560428E+01
0.357658E+03 -0.125087E+01  0.560548E+01
0.358458E+03 -0.125842E+01  0.560643E+01
0.359259E+03 -0.126699E+01  0.560715E+01
0.360060E+03 -0.127649E+01  0.560768E+01
0.360861E+03 -0.128686E+01  0.560805E+01
0.361662E+03 -0.129799E+01  0.560829E+01
0.362462E+03 -0.130981E+01  0.560843E+01
0.363263E+03 -0.132223E+01  0.560851E+01
0.364064E+03 -0.133518E+01  0.560855E+01
0.364865E+03 -0.134856E+01  0.560858E+01
0.365666E+03 -0.136230E+01  0.560865E+01
0.366466E+03 -0.137631E+01  0.560877E+01
0.367267E+03 -0.139051E+01  0.560898E+01
0.368068E+03 -0.140482E+01  0.560931E+01
0.368869E+03 -0.141915E+01  0.560979E+01
0.369670E+03 -0.143346E+01  0.561042E+01
0.370470E+03 -0.144769E+01  0.561122E+01
0.371271E+03 -0.146178E+01  0.561220E+01
0.372072E+03 -0.147568E+01  0.561336E+01
0.372873E+03 -0.148933E+01  0.561473E+01
0.373674E+03 -0.150268E+01  0.561630E+01
0.374474E+03 -0.151567E+01  0.561809E+01
0.375275E+03 -0.152824E+01  0.562011E+01
0.376076E+03 -0.154034E+01  0.562237E+01
0.376877E+03 -0.155192E+01  0.562488E+01
0.377678E+03 -0.156291E+01  0.562766E+01
0.378478E+03 -0.157327E+01  0.563070E+01
0.379279E+03 -0.158293E+01  0.563403E+01
0.380080E+03 -0.159185E+01  0.563765E+01
0.380881E+03 -0.159996E+01  0.564157E+01
0.381682E+03 -0.160721E+01  0.564581E+01
0.382482E+03 -0.161359E+01  0.565035E+01
0.383283E+03 -0.161915E+01  0.565515E+01
0.384084E+03 -0.162396E+01  0.566018E+01
0.384885E+03 -0.162808E+01  0.566540E+01
0.385686E+03 -0.163157E+01  0.567075E+01
0.386486E+03 -0.163449E+01  0.567621E+01
0.387287E+03 -0.163690E+01  0.568172E+01
0.388088E+03 -0.163887E+01  0.568725E+01
0.388889E+03 -0.164045E+01  0.569276E+01
0.389690E+03 -0.164171E+01  0.569821E+01
0.390490E+03 -0.164271E+01  0.570355E+01
0.391291E+03 -0.164351E+01  0.570874E+01
0.392092E+03 -0.164418E+01  0.571375E+01
0.392893E+03 -0.164476E+01  0.571852E+01
0.393694E+03 -0.164534E+01  0.572303E+01
0.394494E+03 -0.164595E+01  0.572722E+01
0.395295E+03 -0.164668E+01  0.573106E+01
0.396096E+03 -0.164758E+01  0.573451E+01
0.396897E+03 -0.164871E+01  0.573752E+01
0.397698E+03 -0.165013E+01  0.574005E+01
0.398498E+03 -0.165186E+01  0.574210E+01
0.399299E+03 -0.165387E+01  0.574368E+01
0.400100E+03 -0.165613E+01  0.574481E+01
0.400901E+03 -0.165861E+01  0.574552E+01
0.401702E+03 -0.166127E+01  0.574581E+01
0.402503E+03 -0.166410E+01  0.574572E+01
0.403303E+03 -0.166705E+01  0.574527E+01
0.404104E+03 -0.167010E+01  0.574447E+01
0.404905E+03 -0.167322E+01  0.574334E+01
0.405706E+03 -0.167638E+01  0.574190E+01
0.406507E+03 -0.167954E+01  0.574018E+01
0.407307E+03 -0.168268E+01  0.573820E+01
0.408108E+03 -0.168577E+01  0.573596E+01
0.408909E+03 -0.168877E+01  0.573351E+01
0.409710E+03 -0.169166E+01  0.573085E+01
0.410511E+03 -0.169440E+01  0.572800E+01
0.411311E+03 -0.169697E+01  0.572499E+01
0.412112E+03 -0.169933E+01  0.572184E+01
0.412913E+03 -0.170146E+01  0.571856E+01
0.413714E+03 -0.170332E+01  0.571518E+01
0.414515E+03 -0.170492E+01  0.571170E+01
0.415315E+03 -0.170625E+01  0.570811E+01
0.416116E+03 -0.170733E+01  0.570441E+01
0.416917E+03 -0.170816E+01  0.570059E+01
0.417718E+03 -0.170876E+01  0.569665E+01
0.418519E+03 -0.170914E+01  0.569258E+01
0.419319E+03 -0.170930E+01  0.568837E+01
0.420120E+03 -0.170926E+01  0.568403E+01
0.420921E+03 -0.170902E+01  0.567953E+01
0.421722E+03 -0.170859E+01  0.567488E+01
0.422523E+03 -0.170798E+01  0.567008E+01
0.423323E+03 -0.170721E+01  0.566511E+01
0.424124E+03 -0.170628E+01  0.565997E+01
0.424925E+03 -0.170519E+01  0.565465E+01
0.425726E+03 -0.170397E+01  0.564915E+01
0.426527E+03 -0.170261E+01  0.564346E+01
0.427327E+03 -0.170113E+01  0.563758E+01
0.428128E+03 -0.169954E+01  0.563149E+01
0.428929E+03 -0.169784E+01  0.562521E+01
0.429730E+03 -0.169605E+01  0.561871E+01
0.430531E+03 -0.169418E+01  0.561199E+01
0.431331E+03 -0.169222E+01  0.560505E+01
0.432132E+03 -0.169021E+01  0.559788E+01
0.432933E+03 -0.168813E+01  0.559047E+01
0.433734E+03 -0.168601E+01  0.558282E+01
0.434535E+03 -0.168384E+01  0.557493E+01
0.435335E+03 -0.168165E+01  0.556678E+01
0.436136E+03 -0.167944E+01  0.555838E+01
0.436937E+03 -0.167722E+01  0.554971E+01
0.437738E+03 -0.167499E+01  0.554077E+01
0.438539E+03 -0.167278E+01  0.553155E+01
0.439339E+03 -0.167057E+01  0.552205E+01
0.440140E+03 -0.166840E+01  0.551226E+01
0.440941E+03 -0.166626E+01  0.550218E+01
0.441742E+03 -0.166417E+01  0.549180E+01
0.442543E+03 -0.166213E+01  0.548111E+01
0.443343E+03 -0.166015E+01  0.547011E+01
0.444144E+03 -0.165825E+01  0.545879E+01
0.444945E+03 -0.165643E+01  0.544715E+01
0.445746E+03 -0.165470E+01  0.543518E+01
0.446547E+03 -0.165307E+01  0.542288E+01
0.447347E+03 -0.165155E+01  0.541023E+01
0.448148E+03 -0.165014E+01  0.539724E+01
0.448949E+03 -0.164887E+01  0.538389E+01
0.449750E+03 -0.164774E+01  0.537019E+01
0.450551E+03 -0.164675E+01  0.535612E+01
0.451351E+03 -0.164591E+01  0.534168E+01
0.452152E+03 -0.164525E+01  0.532686E+01
0.452953E+03 -0.164476E+01  0.531167E+01
0.453754E+03 -0.164445E+01  0.529608E+01
0.454555E+03 -0.164433E+01  0.528010E+01
0.455355E+03 -0.164442E+01  0.526372E+01
0.456156E+03 -0.164472E+01  0.524693E+01
0.456957E+03 -0.164524E+01  0.522973E+01
0.457758E+03 -0.164599E+01  0.521212E+01
0.458559E+03 -0.164698E+01  0.519408E+01
0.459359E+03 -0.164822E+01  0.517561E+01
0.460160E+03 -0.164972E+01  0.515671E+01
0.460961E+03 -0.165149E+01  0.513736E+01
0.461762E+03 -0.165353E+01  0.511757E+01
0.462563E+03 -0.165586E+01  0.509733E+01
0.463363E+03 -0.165848E+01  0.507663E+01
0.464164E+03 -0.166141E+01  0.505546E+01
0.464965E+03 -0.166465E+01  0.503382E+01
0.465766E+03 -0.166822E+01  0.501171E+01
0.466567E+03 -0.167212E+01  0.498911E+01
0.467367E+03 -0.167636E+01  0.496603E+01
0.468168E+03 -0.168095E+01  0.494245E+01
0.468969E+03 -0.168590E+01  0.491837E+01
0.469770E+03 -0.169123E+01  0.489378E+01
0.470571E+03 -0.169693E+01  0.486869E+01
0.471371E+03 -0.170302E+01  0.484308E+01
0.472172E+03 -0.170951E+01  0.481694E+01
0.472973E+03 -0.171644E+01  0.479028E+01
0.473774E+03 -0.172386E+01  0.476311E+01
0.474575E+03 -0.173180E+01  0.473541E+01
0.475375E+03 -0.174030E+01  0.470719E+01
0.476176E+03 -0.174941E+01  0.467845E+01
0.476977E+03 -0.175917E+01  0.464920E+01
0.477778E+03 -0.176961E+01  0.461943E+01
0.478579E+03 -0.178079E+01  0.458914E+01
0.479379E+03 -0.179274E+01  0.455834E+01
0.480180E+03 -0.180550E+01  0.452702E+01
0.480981E+03 -0.181912E+01  0.449519E+01
0.481782E+03 -0.183363E+01  0.446285E+01
0.482583E+03 -0.184908E+01  0.443000E+01
0.483383E+03 -0.186551E+01  0.439664E+01
0.484184E+03 -0.188296E+01  0.436277E+01
0.484985E+03 -0.190147E+01  0.432839E+01
0.485786E+03 -0.192108E+01  0.429350E+01
0.486587E+03 -0.194184E+01  0.425810E+01
0.487387E+03 -0.196378E+01  0.422220E+01
0.488188E+03 -0.198696E+01  0.418579E+01
0.488989E+03 -0.201140E+01  0.414888E+01
0.489790E+03 -0.203715E+01  0.411147E+01
0.490591E+03 -0.206425E+01  0.407356E+01
0.491391E+03 -0.209274E+01  0.403514E+01
0.492192E+03 -0.212267E+01  0.399622E+01
0.492993E+03 -0.215407E+01  0.395681E+01
0.493794E+03 -0.218699E+01  0.391689E+01
0.494595E+03 -0.222147E+01  0.387648E+01
0.495395E+03 -0.225755E+01  0.383557E+01
0.496196E+03 -0.229527E+01  0.379416E+01
0.496997E+03 -0.233462E+01  0.375229E+01
0.497798E+03 -0.237555E+01  0.371001E+01
0.498599E+03 -0.241798E+01  0.366738E+01
0.499399E+03 -0.246186E+01  0.362446E+01
0.500200E+03 -0.250711E+01  0.358131E+01
0.501001E+03 -0.255369E+01  0.353799E+01
0.501802E+03 -0.260152E+01  0.349455E+01
0.502603E+03 -0.265053E+01  0.345107E+01
0.503403E+03 -0.270067E+01  0.340760E+01
0.504204E+03 -0.275188E+01  0.336419E+01
0.505005E+03 -0.280408E+01  0.332091E+01
0.505806E+03 -0.285722E+01  0.327782E+01
0.506607E+03 -0.291122E+01  0.323498E+01
0.507407E+03 -0.296603E+01  0.319245E+01
0.508208E+03 -0.302159E+01  0.315028E+01
0.509009E+03 -0.307782E+01  0.310854E+01
0.509810E+03 -0.313467E+01  0.306728E+01
0.510611E+03 -0.319207E+01  0.302657E+01
0.511411E+03 -0.324996E+01  0.298647E+01
0.512212E+03 -0.330827E+01  0.294703E+01
0.513013E+03 -0.336694E+01  0.290831E+01
0.513814E+03 -0.342591E+01  0.287039E+01
0.514615E+03 -0.348511E+01  0.283330E+01
0.515415E+03 -0.354448E+01  0.279712E+01
0.516216E+03 -0.360395E+01  0.276190E+01
0.517017E+03 -0.366347E+01  0.272771E+01
0.517818E+03 -0.372296E+01  0.269460E+01
0.518619E+03 -0.378236E+01  0.266263E+01
0.519419E+03 -0.384161E+01  0.263187E+01
0.520220E+03 -0.390065E+01  0.260237E+01
0.521021E+03 -0.395942E+01  0.257419E+01
0.521822E+03 -0.401786E+01  0.254736E+01
0.522623E+03 -0.407598E+01  0.252184E+01
0.523423E+03 -0.413380E+01  0.249758E+01
0.524224E+03 -0.419132E+01  0.247454E+01
0.525025E+03 -0.424856E+01  0.245266E+01
0.525826E+03 -0.430552E+01  0.243191E+01
0.526627E+03 -0.436220E+01  0.241223E+01
0.527427E+03 -0.441863E+01  0.239358E+01
0.528228E+03 -0.447481E+01  0.237590E+01
0.529029E+03 -0.453075E+01  0.235916E+01
0.529830E+03 -0.458646E+01  0.234331E+01
0.530631E+03 -0.464194E+01  0.232829E+01
0.531431E+03 -0.469722E+01  0.231406E+01
0.532232E+03 -0.475229E+01  0.230057E+01
0.533033E+03 -0.480717E+01  0.228778E+01
0.533834E+03 -0.486186E+01  0.227564E+01
0.534635E+03 -0.491638E+01  0.226409E+01
0.535435E+03 -0.497074E+01  0.225311E+01
0.536236E+03 -0.502494E+01  0.224262E+01
0.537037E+03 -0.507899E+01  0.223260E+01
0.537838E+03 -0.513291E+01  0.222299E+01
0.538639E+03 -0.518670E+01  0.221374E+01
0.539439E+03 -0.524038E+01  0.220481E+01
0.540240E+03 -0.529394E+01  0.219615E+01
0.541041E+03 -0.534741E+01  0.218772E+01
0.541842E+03 -0.540079E+01  0.217945E+01
0.542643E+03 -0.545409E+01  0.217132E+01
0.543443E+03 -0.550731E+01  0.216327E+01
0.544244E+03 -0.556048E+01  0.215525E+01
0.545045E+03 -0.561360E+01  0.214721E+01
0.545846E+03 -0.566667E+01  0.213912E+01
0.546647E+03 -0.571971E+01  0.213092E+01
0.547447E+03 -0.577273E+01  0.212256E+01
0.548248E+03 -0.582573E+01  0.211400E+01
0.549049E+03 -0.587873E+01  0.210519E+01
0.549850E+03 -0.593173E+01  0.209612E+01
0.550651E+03 -0.598474E+01  0.208681E+01
0.551451E+03 -0.603776E+01  0.207727E+01
0.552252E+03 -0.609080E+01  0.206751E+01
0.553053E+03 -0.614385E+01  0.205754E+01
0.553854E+03 -0.619693E+01  0.204737E+01
0.554655E+03 -0.625005E+01  0.203702E+01
0.555455E+03 -0.630319E+01  0.202650E+01
0.556256E+03 -0.635637E+01  0.201582E+01
0.557057E+03 -0.640960E+01  0.200498E+01
0.557858E+03 -0.646287E+01  0.199402E+01
0.558659E+03 -0.651620E+01  0.198293E+01
0.559459E+03 -0.656959E+01  0.197172E+01
0.560260E+03 -0.662303E+01  0.196042E+01
0.561061E+03 -0.667654E+01  0.194903E+01
0.561862E+03 -0.673013E+01  0.193756E+01
0.562663E+03 -0.678379E+01  0.192603E+01
0.563463E+03 -0.683753E+01  0.191445E+01
0.564264E+03 -0.689135E+01  0.190283E+01
0.565065E+03 -0.694526E+01  0.189118E+01
0.565866E+03 -0.699927E+01  0.187952E+01
0.566667E+03 -0.705338E+01  0.186785E+01
0.567467E+03 -0.710759E+01  0.185619E+01
0.568268E+03 -0.716191E+01  0.184456E+01
0.569069E+03 -0.721634E+01  0.183295E+01
0.569870E+03 -0.727088E+01  0.182139E+01
0.570671E+03 -0.732555E+01  0.180989E+01
0.571471E+03 -0.738035E+01  0.179846E+01
0.572272E+03 -0.743527E+01  0.178710E+01
0.573073E+03 -0.749033E+01  0.177584E+01
0.573874E+03 -0.754553E+01  0.176469E+01
0.574675E+03 -0.760088E+01  0.175365E+01
0.575475E+03 -0.765637E+01  0.174275E+01
0.576276E+03 -0.771202E+01  0.173198E+01
0.577077E+03 -0.776783E+01  0.172137E+01
0.577878E+03 -0.782380E+01  0.171092E+01
0.578679E+03 -0.787994E+01  0.170065E+01
0.579479E+03 -0.793625E+01  0.169057E+01
0.580280E+03 -0.799274E+01  0.168069E+01
0.581081E+03 -0.804941E+01  0.167103E+01
0.581882E+03 -0.810626E+01  0.166159E+01
0.582683E+03 -0.816330E+01  0.165238E+01
0.583483E+03 -0.822053E+01  0.164341E+01
0.584284E+03 -0.827794E+01  0.163467E+01
0.585085E+03 -0.833551E+01  0.162614E+01
0.585886E+03 -0.839325E+01  0.161781E+01
0.586687E+03 -0.845114E+01  0.160969E+01
0.587487E+03 -0.850918E+01  0.160176E+01
0.588288E+03 -0.856736E+01  0.159402E+01
0.589089E+03 -0.862567E+01  0.158645E+01
0.589890E+03 -0.868410E+01  0.157905E+01
0.590691E+03 -0.874265E+01  0.157181E+01
0.591491E+03 -0.880131E+01  0.156472E+01
0.592292E+03 -0.886007E+01  0.155778E+01
0.593093E+03 -0.891893E+01  0.155097E+01
0.593894E+03 -0.897787E+01  0.154430E+01
0.594695E+03 -0.903689E+01  0.153774E+01
0.595495E+03 -0.909599E+01  0.153130E+01
0.596296E+03 -0.915514E+01  0.152496E+01
0.597097E+03 -0.921436E+01  0.151872E+01
0.597898E+03 -0.927362E+01  0.151257E+01
0.598699E+03 -0.933292E+01  0.150650E+01
0.599499E+03 -0.939226E+01  0.150050E+01
0.600300E+03 -0.945163E+01  0.149457E+01
0.601101E+03 -0.951101E+01  0.148870E+01
0.601902E+03 -0.957040E+01  0.148287E+01
0.602703E+03 -0.962980E+01  0.147709E+01
0.603504E+03 -0.968919E+01  0.147134E+01
0.604304E+03 -0.974858E+01  0.146562E+01
0.605105E+03 -0.980794E+01  0.145991E+01
0.605906E+03 -0.986728E+01  0.145421E+01
0.606707E+03 -0.992658E+01  0.144852E+01
0.607508E+03 -0.998585E+01  0.144282E+01
0.608308E+03 -0.100451E+02  0.143710E+01
0.609109E+03 -0.101042E+02  0.143136E+01
0.609910E+03 -0.101633E+02  0.142560E+01
0.610711E+03 -0.102223E+02  0.141979E+01
0.611512E+03 -0.102813E+02  0.141394E+01
0.612312E+03 -0.103401E+02  0.140803E+01
0.613113E+03 -0.103989E+02  0.140207E+01
0.613914E+03 -0.104576E+02  0.139603E+01
0.614715E+03 -0.105161E+02  0.138991E+01
0.615516E+03 -0.105745E+02  0.138371E+01
0.616316E+03 -0.106328E+02  0.137742E+01
0.617117E+03 -0.106910E+02  0.137102E+01
0.617918E+03 -0.107491E+02  0.136453E+01
0.618719E+03 -0.108070E+02  0.135793E+01
0.619520E+03 -0.108648E+02  0.135125E+01
0.620320E+03 -0.109224E+02  0.134448E+01
0.621121E+03 -0.109800E+02  0.133763E+01
0.621922E+03 -0.110374E+02  0.133071E+01
0.622723E+03 -0.110947E+02  0.132372E+01
0.623524E+03 -0.111519E+02  0.131667E+01
0.624324E+03 -0.112090E+02  0.130957E+01
0.625125E+03 -0.112660E+02  0.130242E+01
0.625926E+03 -0.113228E+02  0.129523E+01
0.626727E+03 -0.113796E+02  0.128800E+01
0.627528E+03 -0.114363E+02  0.128074E+01
0.628328E+03 -0.114929E+02  0.127346E+01
0.629129E+03 -0.115494E+02  0.126615E+01
0.629930E+03 -0.116058E+02  0.125884E+01
0.630731E+03 -0.116622E+02  0.125152E+01
0.631532E+03 -0.117184E+02  0.124419E+01
0.632332E+03 -0.117746E+02  0.123688E+01
0.633133E+03 -0.118307E+02  0.122957E+01
0.633934E+03 -0.118867E+02  0.122228E+01
0.634735E+03 -0.119427E+02  0.121502E+01
0.635536E+03 -0.119986E+02  0.120779E+01
0.636336E+03 -0.120545E+02  0.120059E+01
0.637137E+03 -0.121102E+02  0.119343E+01
0.637938E+03 -0.121660E+02  0.118632E+01
0.638739E+03 -0.122217E+02  0.117927E+01
0.639540E+03 -0.122773E+02  0.117227E+01
0.640340E+03 -0.123329E+02  0.116534E+01
0.641141E+03 -0.123884E+02  0.115848E+01
0.641942E+03 -0.124439E+02  0.115170E+01
0.642743E+03 -0.124994E+02  0.114500E+01
0.643544E+03 -0.125548E+02  0.113839E+01
0.644344E+03 -0.126103E+02  0.113188E+01
0.645145E+03 -0.126656E+02  0.112547E+01
0.645946E+03 -0.127210E+02  0.111917E+01
0.646747E+03 -0.127764E+02  0.111298E+01
0.647548E+03 -0.128317E+02  0.110691E+01
0.648348E+03 -0.128870E+02  0.110096E+01
0.649149E+03 -0.129423E+02  0.109515E+01
0.649950E+03 -0.129976E+02  0.108947E+01
0.650751E+03 -0.130529E+02  0.108394E+01
0.651552E+03 -0.131082E+02  0.107856E+01
0.652352E+03 -0.131635E+02  0.107334E+01
0.653153E+03 -0.132188E+02  0.106827E+01
0.653954E+03 -0.132741E+02  0.106338E+01
0.654755E+03 -0.133295E+02  0.105865E+01
0.655556E+03 -0.133848E+02  0.105411E+01
0.656356E+03 -0.134402E+02  0.104975E+01
0.657157E+03 -0.134956E+02  0.104559E+01
0.657958E+03 -0.135510E+02  0.104162E+01
0.658759E+03 -0.136064E+02  0.103786E+01
0.659560E+03 -0.136619E+02  0.103430E+01
0.660360E+03 -0.137174E+02  0.103096E+01
0.661161E+03 -0.137729E+02  0.102783E+01
0.661962E+03 -0.138285E+02  0.102490E+01
0.662763E+03 -0.138841E+02  0.102218E+01
0.663564E+03 -0.139398E+02  0.101965E+01
0.664364E+03 -0.139954E+02  0.101732E+01
0.665165E+03 -0.140512E+02  0.101519E+01
0.665966E+03 -0.141069E+02  0.101323E+01
0.666767E+03 -0.141627E+02  0.101146E+01
0.667568E+03 -0.142185E+02  0.100988E+01
0.668368E+03 -0.142744E+02  0.100846E+01
0.669169E+03 -0.143302E+02  0.100722E+01
0.669970E+03 -0.143862E+02  0.100615E+01
0.670771E+03 -0.144421E+02  0.100525E+01
0.671572E+03 -0.144981E+02  0.100450E+01
0.672372E+03 -0.145541E+02  0.100392E+01
0.673173E+03 -0.146102E+02  0.100348E+01
0.673974E+03 -0.146663E+02  0.100320E+01
0.674775E+03 -0.147224E+02  0.100306E+01
0.675576E+03 -0.147786E+02  0.100307E+01
0.676376E+03 -0.148348E+02  0.100322E+01
0.677177E+03 -0.148910E+02  0.100350E+01
0.677978E+03 -0.149473E+02  0.100391E+01
0.678779E+03 -0.150036E+02  0.100445E+01
0.679580E+03 -0.150599E+02  0.100512E+01
0.680380E+03 -0.151163E+02  0.100590E+01
0.681181E+03 -0.151727E+02  0.100680E+01
0.681982E+03 -0.152292E+02  0.100782E+01
0.682783E+03 -0.152856E+02  0.100894E+01
0.683584E+03 -0.153421E+02  0.101017E+01
0.684384E+03 -0.153987E+02  0.101151E+01
0.685185E+03 -0.154553E+02  0.101294E+01
0.685986E+03 -0.155119E+02  0.101446E+01
0.686787E+03 -0.155685E+02  0.101608E+01
0.687588E+03 -0.156252E+02  0.101778E+01
0.688388E+03 -0.156820E+02  0.101956E+01
0.689189E+03 -0.157387E+02  0.102143E+01
0.689990E+03 -0.157955E+02  0.102337E+01
0.690791E+03 -0.158523E+02  0.102539E+01
0.691592E+03 -0.159092E+02  0.102747E+01
0.692392E+03 -0.159661E+02  0.102962E+01
0.693193E+03 -0.160231E+02  0.103182E+01
0.693994E+03 -0.160800E+02  0.103409E+01
0.694795E+03 -0.161370E+02  0.103641E+01
0.695596E+03 -0.161941E+02  0.103878E+01
0.696396E+03 -0.162512E+02  0.104119E+01
0.697197E+03 -0.163083E+02  0.104365E+01
0.697998E+03 -0.163654E+02  0.104615E+01
0.698799E+03 -0.164226E+02  0.104868E+01
0.699600E+03 -0.164798E+02  0.105124E+01
0.700400E+03 -0.165371E+02  0.105383E+01
0.701201E+03 -0.165944E+02  0.105645E+01
0.702002E+03 -0.166517E+02  0.105908E+01
0.702803E+03 -0.167091E+02  0.106173E+01
0.703604E+03 -0.167665E+02  0.106440E+01
0.704404E+03 -0.168239E+02  0.106707E+01
0.705205E+03 -0.168814E+02  0.106975E+01
0.706006E+03 -0.169389E+02  0.107243E+01
0.706807E+03 -0.169964E+02  0.107513E+01
0.707608E+03 -0.170540E+02  0.107783E+01
0.708408E+03 -0.171116E+02  0.108053E+01
0.709209E+03 -0.171693E+02  0.108325E+01
0.710010E+03 -0.172270E+02  0.108597E+01
0.710811E+03 -0.172847E+02  0.108871E+01
0.711612E+03 -0.173425E+02  0.109145E+01
0.712412E+03 -0.174003E+02  0.109420E+01
0.713213E+03 -0.174582E+02  0.109696E+01
0.714014E+03 -0.175161E+02  0.109974E+01
0.714815E+03 -0.175740E+02  0.110252E+01
0.715616E+03 -0.176320E+02  0.110532E+01
0.716416E+03 -0.176900E+02  0.110813E+01
0.717217E+03 -0.177481E+02  0.111095E+01
0.718018E+03 -0.178062E+02  0.111379E+01
0.718819E+03 -0.178643E+02  0.111664E+01
0.719620E+03 -0.179225E+02  0.111950E+01
0.720420E+03 -0.179808E+02  0.112238E+01
0.721221E+03 -0.180391E+02  0.112528E+01
0.722022E+03 -0.180974E+02  0.112819E+01
0.722823E+03 -0.181558E+02  0.113111E+01
0.723624E+03 -0.182142E+02  0.113405E+01
0.724424E+03 -0.182727E+02  0.113701E+01
0.725225E+03 -0.183312E+02  0.113999E+01
0.726026E+03 -0.183898E+02  0.114299E+01
0.726827E+03 -0.184484E+02  0.114600E+01
0.727628E+03 -0.185071E+02  0.114903E+01
0.728428E+03 -0.185658E+02  0.115208E+01
0.729229E+03 -0.186245E+02  0.115516E+01
0.730030E+03 -0.186834E+02  0.115825E+01
0.730831E+03 -0.187422E+02  0.116136E+01
0.731632E+03 -0.188012E+02  0.116450E+01
0.732432E+03 -0.188601E+02  0.116765E+01
0.733233E+03 -0.189192E+02  0.117083E+01
0.734034E+03 -0.189782E+02  0.117403E+01
0.734835E+03 -0.190374E+02  0.117726E+01
0.735636E+03 -0.190966E+02  0.118050E+01
0.736436E+03 -0.191558E+02  0.118378E+01
0.737237E+03 -0.192151E+02  0.118707E+01
0.738038E+03 -0.192744E+02  0.119039E+01
0.738839E+03 -0.193339E+02  0.119374E+01
0.739640E+03 -0.193933E+02  0.119711E+01
0.740440E+03 -0.194528E+02  0.120051E+01
0.741241E+03 -0.195124E+02  0.120394E+01
0.742042E+03 -0.195721E+02  0.120740E+01
0.742843E+03 -0.196317E+02  0.121088E+01
0.743644E+03 -0.196915E+02  0.121439E+01
0.744444E+03 -0.197513E+02  0.121793E+01
0.745245E+03 -0.198112E+02  0.122150E+01
0.746046E+03 -0.198711E+02  0.122509E+01
0.746847E+03 -0.199311E+02  0.122872E+01
0.747648E+03 -0.199912E+02  0.123238E+01
0.748448E+03 -0.200513E+02  0.123607E+01
0.749249E+03 -0.201115E+02  0.123979E+01
0.750050E+03 -0.201717E+02  0.124355E+01
0.750851E+03 -0.202320E+02  0.124733E+01
0.751652E+03 -0.202924E+02  0.125115E+01
0.752452E+03 -0.203528E+02  0.125501E+01
0.753253E+03 -0.204133E+02  0.125890E+01
0.754054E+03 -0.204738E+02  0.126282E+01
0.754855E+03 -0.205345E+02  0.126677E+01
0.755656E+03 -0.205952E+02  0.127077E+01
0.756456E+03 -0.206559E+02  0.127479E+01
0.757257E+03 -0.207167E+02  0.127886E+01
0.758058E+03 -0.207776E+02  0.128295E+01
0.758859E+03 -0.208386E+02  0.128708E+01
0.759660E+03 -0.208996E+02  0.129125E+01
0.760460E+03 -0.209607E+02  0.129544E+01
0.761261E+03 -0.210219E+02  0.129967E+01
0.762062E+03 -0.210831E+02  0.130392E+01
0.762863E+03 -0.211444E+02  0.130820E+01
0.763664E+03 -0.212058E+02  0.131251E+01
0.764464E+03 -0.212672E+02  0.131684E+01
0.765265E+03 -0.213288E+02  0.132120E+01
0.766066E+03 -0.213904E+02  0.132559E+01
0.766867E+03 -0.214520E+02  0.132999E+01
0.767668E+03 -0.215138E+02  0.133442E+01
0.768468E+03 -0.215756E+02  0.133887E+01
0.769269E+03 -0.216375E+02  0.134334E+01
0.770070E+03 -0.216994E+02  0.134783E+01
0.770871E+03 -0.217615E+02  0.135234E+01
0.771672E+03 -0.218236E+02  0.135686E+01
0.772472E+03 -0.218858E+02  0.136140E+01
0.773273E+03 -0.219480E+02  0.136596E+01
0.774074E+03 -0.220104E+02  0.137053E+01
0.774875E+03 -0.220728E+02  0.137511E+01
0.775676E+03 -0.221353E+02  0.137970E+01
0.776476E+03 -0.221979E+02  0.138431E+01
0.777277E+03 -0.222605E+02  0.138892E+01
0.778078E+03 -0.223233E+02  0.139354E+01
0.778879E+03 -0.223861E+02  0.139817E+01
0.779680E+03 -0.224490E+02  0.140281E+01
0.780480E+03 -0.225120E+02  0.140746E+01
0.781281E+03 -0.225751E+02  0.141211E+01
0.782082E+03 -0.226382E+02  0.141676E+01
0.782883E+03 -0.227015E+02  0.142141E+01
0.783684E+03 -0.227648E+02  0.142607E+01
0.784484E+03 -0.228282E+02  0.143073E+01
0.785285E+03 -0.228917E+02  0.143539E+01
0.786086E+03 -0.229552E+02  0.144004E+01
0.786887E+03 -0.230189E+02  0.144470E+01
0.787688E+03 -0.230826E+02  0.144935E+01
0.788488E+03 -0.231465E+02  0.145400E+01
0.789289E+03 -0.232104E+02  0.145864E+01
0.790090E+03 -0.232744E+02  0.146327E+01
0.790891E+03 -0.233385E+02  0.146790E+01
0.791692E+03 -0.234027E+02  0.147252E+01
0.792492E+03 -0.234669E+02  0.147713E+01
0.793293E+03 -0.235313E+02  0.148173E+01
0.794094E+03 -0.235958E+02  0.148632E+01
0.794895E+03 -0.236603E+02  0.149089E+01
0.795696E+03 -0.237249E+02  0.149546E+01
0.796496E+03 -0.237897E+02  0.150001E+01
0.797297E+03 -0.238545E+02  0.150454E+01
0.798098E+03 -0.239194E+02  0.150905E+01
0.798899E+03 -0.239844E+02  0.151355E+01
0.799700E+03 -0.240495E+02  0.151803E+01
0.800501E+03 -0.241147E+02  0.152250E+01
0.801301E+03 -0.241800E+02  0.152694E+01
0.802102E+03 -0.242454E+02  0.153135E+01
0.802903E+03 -0.243109E+02  0.153575E+01
0.803704E+03 -0.243765E+02  0.154012E+01
0.804505E+03 -0.244421E+02  0.154447E+01
0.805305E+03 -0.245079E+02  0.154880E+01
0.806106E+03 -0.245738E+02  0.155309E+01
0.806907E+03 -0.246398E+02  0.155736E+01
0.807708E+03 -0.247058E+02  0.156160E+01
0.808509E+03 -0.247720E+02  0.156581E+01
0.809309E+03 -0.248383E+02  0.156999E+01
0.810110E+03 -0.249046E+02  0.157414E+01
0.810911E+03 -0.249711E+02  0.157825E+01
0.811712E+03 -0.250377E+02  0.158234E+01
0.812513E+03 -0.251044E+02  0.158638E+01
0.813313E+03 -0.251711E+02  0.159040E+01
0.814114E+03 -0.252380E+02  0.159437E+01
0.814915E+03 -0.253050E+02  0.159831E+01
0.815716E+03 -0.253721E+02  0.160221E+01
0.816517E+03 -0.254393E+02  0.160607E+01
0.817317E+03 -0.255066E+02  0.160988E+01
0.818118E+03 -0.255740E+02  0.161366E+01
0.818919E+03 -0.256415E+02  0.161739E+01
0.819720E+03 -0.257092E+02  0.162108E+01
0.820521E+03 -0.257769E+02  0.162473E+01
0.821321E+03 -0.258447E+02  0.162833E+01
0.822122E+03 -0.259127E+02  0.163188E+01
0.822923E+03 -0.259807E+02  0.163539E+01
0.823724E+03 -0.260489E+02  0.163886E+01
0.824525E+03 -0.261171E+02  0.164228E+01
0.825325E+03 -0.261855E+02  0.164567E+01
0.826126E+03 -0.262539E+02  0.164901E+01
0.826927E+03 -0.263225E+02  0.165232E+01
0.827728E+03 -0.263911E+02  0.165559E+01
0.828529E+03 -0.264599E+02  0.165883E+01
0.829329E+03 -0.265287E+02  0.166204E+01
0.830130E+03 -0.265976E+02  0.166521E+01
0.830931E+03 -0.266667E+02  0.166836E+01
0.831732E+03 -0.267358E+02  0.167147E+01
0.832533E+03 -0.268049E+02  0.167456E+01
0.833333E+03 -0.268742E+02  0.167762E+01
0.834134E+03 -0.269436E+02  0.168066E+01
0.834935E+03 -0.270130E+02  0.168367E+01
0.835736E+03 -0.270825E+02  0.168666E+01
0.836537E+03 -0.271521E+02  0.168963E+01
0.837337E+03 -0.272217E+02  0.169259E+01
0.838138E+03 -0.272915E+02  0.169552E+01
0.838939E+03 -0.273613E+02  0.169844E+01
0.839740E+03 -0.274311E+02  0.170134E+01
0.840541E+03 -0.275011E+02  0.170423E+01
0.841341E+03 -0.275711E+02  0.170711E+01
0.842142E+03 -0.276412E+02  0.170998E+01
0.842943E+03 -0.277113E+02  0.171284E+01
0.843744E+03 -0.277815E+02  0.171569E+01
0.844545E+03 -0.278518E+02  0.171853E+01
0.845345E+03 -0.279221E+02  0.172137E+01
0.846146E+03 -0.279924E+02  0.172421E+01
0.846947E+03 -0.280629E+02  0.172704E+01
0.847748E+03 -0.281333E+02  0.172987E+01
0.848549E+03 -0.282039E+02  0.173271E+01
0.849349E+03 -0.282744E+02  0.173554E+01
0.850150E+03 -0.283451E+02  0.173838E+01
0.850951E+03 -0.284157E+02  0.174122E+01
0.851752E+03 -0.284864E+02  0.174407E+01
0.852553E+03 -0.285572E+02  0.174693E+01
0.853353E+03 -0.286280E+02  0.174980E+01
0.854154E+03 -0.286988E+02  0.175267E+01
0.854955E+03 -0.287697E+02  0.175556E+01
0.855756E+03 -0.288406E+02  0.175846E+01
0.856557E+03 -0.289115E+02  0.176138E+01
0.857357E+03 -0.289825E+02  0.176431E+01
0.858158E+03 -0.290535E+02  0.176726E+01
0.858959E+03 -0.291245E+02  0.177023E+01
0.859760E+03 -0.291956E+02  0.177322E+01
0.860561E+03 -0.292667E+02  0.177623E+01
0.861361E+03 -0.293378E+02  0.177926E+01
0.862162E+03 -0.294089E+02  0.178232E+01
0.862963E+03 -0.294801E+02  0.178540E+01
0.863764E+03 -0.295512E+02  0.178851E+01
0.864565E+03 -0.296224E+02  0.179165E+01
0.865365E+03 -0.296936E+02  0.179482E+01
0.866166E+03 -0.297648E+02  0.179802E+01
0.866967E+03 -0.298360E+02  0.180125E+01
0.867768E+03 -0.299073E+02  0.180452E+01
0.868569E+03 -0.299785E+02  0.180782E+01
0.869369E+03 -0.300497E+02  0.181116E+01
0.870170E+03 -0.301210E+02  0.181454E+01
0.870971E+03 -0.301922E+02  0.181795E+01
0.871772E+03 -0.302635E+02  0.182141E+01
0.872573E+03 -0.303347E+02  0.182492E+01
0.873373E+03 -0.304060E+02  0.182846E+01
0.874174E+03 -0.304772E+02  0.183205E+01
0.874975E+03 -0.305485E+02  0.183569E+01
0.875776E+03 -0.306197E+02  0.183938E+01
0.876577E+03 -0.306909E+02  0.184311E+01
0.877377E+03 -0.307621E+02  0.184690E+01
0.878178E+03 -0.308333E+02  0.185074E+01
0.878979E+03 -0.309045E+02  0.185463E+01
0.879780E+03 -0.309757E+02  0.185858E+01
0.880581E+03 -0.310468E+02  0.186258E+01
0.881381E+03 -0.311180E+02  0.186665E+01
0.882182E+03 -0.311891E+02  0.187077E+01
0.882983E+03 -0.312601E+02  0.187495E+01
0.883784E+03 -0.313312E+02  0.187920E+01
0.884585E+03 -0.314022E+02  0.188350E+01
0.885385E+03 -0.314732E+02  0.188788E+01
0.886186E+03 -0.315442E+02  0.189232E+01
0.886987E+03 -0.316152E+02  0.189683E+01
0.887788E+03 -0.316861E+02  0.190140E+01
0.888589E+03 -0.317569E+02  0.190605E+01
0.889389E+03 -0.318278E+02  0.191077E+01
0.890190E+03 -0.318986E+02  0.191556E+01
0.890991E+03 -0.319693E+02  0.192043E+01
0.891792E+03 -0.320401E+02  0.192538E+01
0.892593E+03 -0.321107E+02  0.193040E+01
0.893393E+03 -0.321814E+02  0.193549E+01
0.894194E+03 -0.322520E+02  0.194067E+01
0.894995E+03 -0.323225E+02  0.194592E+01
0.895796E+03 -0.323930E+02  0.195124E+01
0.896597E+03 -0.324635E+02  0.195664E+01
0.897397E+03 -0.325340E+02  0.196211E+01
0.898198E+03 -0.326044E+02  0.196765E+01
0.898999E+03 -0.326747E+02  0.197326E+01
0.899800E+03 -0.327451E+02  0.197894E+01
0.900601E+03 -0.328154E+02  0.198469E+01
0.901401E+03 -0.328857E+02  0.199051E+01
0.902202E+03 -0.329560E+02  0.199640E+01
0.903003E+03 -0.330262E+02  0.200235E+01
0.903804E+03 -0.330965E+02  0.200837E+01
0.904605E+03 -0.331667E+02  0.201445E+01
0.905405E+03 -0.332369E+02  0.202060E+01
0.906206E+03 -0.333070E+02  0.202681E+01
0.907007E+03 -0.333772E+02  0.203308E+01
0.907808E+03 -0.334473E+02  0.203941E+01
0.908609E+03 -0.335175E+02  0.204581E+01
0.909409E+03 -0.335876E+02  0.205226E+01
0.910210E+03 -0.336577E+02  0.205877E+01
0.911011E+03 -0.337278E+02  0.206534E+01
0.911812E+03 -0.337979E+02  0.207197E+01
0.912613E+03 -0.338680E+02  0.207866E+01
0.913413E+03 -0.339381E+02  0.208540E+01
0.914214E+03 -0.340082E+02  0.209219E+01
0.915015E+03 -0.340783E+02  0.209904E+01
0.915816E+03 -0.341484E+02  0.210594E+01
0.916617E+03 -0.342185E+02  0.211289E+01
0.917417E+03 -0.342886E+02  0.211989E+01
0.918218E+03 -0.343587E+02  0.212695E+01
0.919019E+03 -0.344288E+02  0.213405E+01
0.919820E+03 -0.344989E+02  0.214120E+01
0.920621E+03 -0.345691E+02  0.214840E+01
0.921421E+03 -0.346392E+02  0.215565E+01
0.922222E+03 -0.347094E+02  0.216294E+01
0.923023E+03 -0.347796E+02  0.217028E+01
0.923824E+03 -0.348498E+02  0.217766E+01
0.924625E+03 -0.349200E+02  0.218508E+01
0.925425E+03 -0.349902E+02  0.219255E+01
0.926226E+03 -0.350605E+02  0.220006E+01
0.927027E+03 -0.351308E+02  0.220761E+01
0.927828E+03 -0.352011E+02  0.221520E+01
0.928629E+03 -0.352714E+02  0.222283E+01
0.929429E+03 -0.353418E+02  0.223049E+01
0.930230E+03 -0.354122E+02  0.223820E+01
0.931031E+03 -0.354826E+02  0.224594E+01
0.931832E+03 -0.355531E+02  0.225372E+01
0.932633E+03 -0.356236E+02  0.226153E+01
0.933433E+03 -0.356941E+02  0.226937E+01
0.934234E+03 -0.357647E+02  0.227725E+01
0.935035E+03 -0.358353E+02  0.228516E+01
0.935836E+03 -0.359060E+02  0.229310E+01
0.936637E+03 -0.359767E+02  0.230108E+01
0.937437E+03 -0.360474E+02  0.230908E+01
0.938238E+03 -0.361182E+02  0.231711E+01
0.939039E+03 -0.361891E+02  0.232517E+01
0.939840E+03 -0.362600E+02  0.233326E+01
0.940641E+03 -0.363309E+02  0.234137E+01
0.941441E+03 -0.364019E+02  0.234951E+01
0.942242E+03 -0.364729E+02  0.235767E+01
0.943043E+03 -0.365440E+02  0.236586E+01
0.943844E+03 -0.366152E+02  0.237407E+01
0.944645E+03 -0.366864E+02  0.238230E+01
0.945445E+03 -0.367577E+02  0.239055E+01
0.946246E+03 -0.368290E+02  0.239882E+01
0.947047E+03 -0.369004E+02  0.240712E+01
0.947848E+03 -0.369719E+02  0.241543E+01
0.948649E+03 -0.370435E+02  0.242376E+01
0.949449E+03 -0.371151E+02  0.243210E+01
0.950250E+03 -0.371867E+02  0.244046E+01
0.951051E+03 -0.372585E+02  0.244884E+01
0.951852E+03 -0.373303E+02  0.245723E+01
0.952653E+03 -0.374022E+02  0.246563E+01
0.953453E+03 -0.374742E+02  0.247405E+01
0.954254E+03 -0.375462E+02  0.248248E+01
0.955055E+03 -0.376183E+02  0.249092E+01
0.955856E+03 -0.376905E+02  0.249937E+01
0.956657E+03 -0.377628E+02  0.250783E+01
0.957457E+03 -0.378352E+02  0.251629E+01
0.958258E+03 -0.379077E+02  0.252477E+01
0.959059E+03 -0.379802E+02  0.253325E+01
0.959860E+03 -0.380529E+02  0.254174E+01
0.960661E+03 -0.381256E+02  0.255023E+01
0.961461E+03 -0.381984E+02  0.255872E+01
0.962262E+03 -0.382713E+02  0.256722E+01
0.963063E+03 -0.383443E+02  0.257572E+01
0.963864E+03 -0.384174E+02  0.258423E+01
0.964665E+03 -0.384906E+02  0.259273E+01
0.965465E+03 -0.385639E+02  0.260123E+01
0.966266E+03 -0.386373E+02  0.260973E+01
0.967067E+03 -0.387109E+02  0.261823E+01
0.967868E+03 -0.387845E+02  0.262673E+01
0.968669E+03 -0.388582E+02  0.263522E+01
0.969469E+03 -0.389320E+02  0.264371E+01
0.970270E+03 -0.390059E+02  0.265220E+01
0.971071E+03 -0.390800E+02  0.266067E+01
0.971872E+03 -0.391542E+02  0.266914E+01
0.972673E+03 -0.392284E+02  0.267761E+01
0.973473E+03 -0.393028E+02  0.268606E+01
0.974274E+03 -0.393773E+02  0.269450E+01
0.975075E+03 -0.394519E+02  0.270294E+01
0.975876E+03 -0.395267E+02  0.271136E+01
0.976677E+03 -0.396016E+02  0.271977E+01
0.977477E+03 -0.396766E+02  0.272816E+01
0.978278E+03 -0.397517E+02  0.273655E+01
0.979079E+03 -0.398269E+02  0.274491E+01
0.979880E+03 -0.399023E+02  0.275327E+01
0.980681E+03 -0.399778E+02  0.276160E+01
0.981481E+03 -0.400534E+02  0.276992E+01
0.982282E+03 -0.401292E+02  0.277822E+01
0.983083E+03 -0.402051E+02  0.278650E+01
0.983884E+03 -0.402811E+02  0.279476E+01
0.984685E+03 -0.403573E+02  0.280300E+01
0.985485E+03 -0.404336E+02  0.281122E+01
0.986286E+03 -0.405101E+02  0.281942E+01
0.987087E+03 -0.405866E+02  0.282760E+01
0.987888E+03 -0.406634E+02  0.283577E+01
0.988689E+03 -0.407402E+02  0.284391E+01
0.989489E+03 -0.408172E+02  0.285204E+01
0.990290E+03 -0.408943E+02  0.286015E+01
0.991091E+03 -0.409716E+02  0.286824E+01
0.991892E+03 -0.410490E+02  0.287631E+01
0.992693E+03 -0.411265E+02  0.288437E+01
0.993493E+03 -0.412041E+02  0.289242E+01
0.994294E+03 -0.412819E+02  0.290045E+01
0.995095E+03 -0.413598E+02  0.290846E+01
0.995896E+03 -0.414378E+02  0.291646E+01
0.996697E+03 -0.415160E+02  0.292445E+01
0.997497E+03 -0.415943E+02  0.293243E+01
0.998298E+03 -0.416727E+02  0.294039E+01
0.999099E+03 -0.417513E+02  0.294834E+01
0.999900E+03 -0.418299E+02  0.295628E+01
0.100070E+04 -0.419087E+02  0.296421E+01
0.100150E+04 -0.419877E+02  0.297212E+01
0.100230E+04 -0.420667E+02  0.298003E+01
0.100310E+04 -0.421459E+02  0.298793E+01
0.100390E+04 -0.422252E+02  0.299582E+01
0.100470E+04 -0.423046E+02  0.300370E+01
0.100551E+04 -0.423841E+02  0.301157E+01
0.100631E+04 -0.424638E+02  0.301943E+01
0.100711E+04 -0.425436E+02  0.302729E+01
0.100791E+04 -0.426235E+02  0.303514E+01
0.100871E+04 -0.427035E+02  0.304298E+01
0.100951E+04 -0.427837E+02  0.305082E+01
0.101031E+04 -0.428639E+02  0.305865E+01
0.101111E+04 -0.429443E+02  0.306648E+01
0.101191E+04 -0.430248E+02  0.307430E+01
0.101271E+04 -0.431054E+02  0.308212E+01
0.101351E+04 -0.431861E+02  0.308993E+01
0.101431E+04 -0.432670E+02  0.309775E+01
0.101512E+04 -0.433479E+02  0.310556E+01
0.101592E+04 -0.434290E+02  0.311337E+01
0.101672E+04 -0.435102E+02  0.312117E+01
0.101752E+04 -0.435915E+02  0.312898E+01
0.101832E+04 -0.436729E+02  0.313679E+01
0.101912E+04 -0.437544E+02  0.314459E+01
0.101992E+04 -0.438361E+02  0.315240E+01
0.102072E+04 -0.439178E+02  0.316020E+01
0.102152E+04 -0.439997E+02  0.316801E+01
0.102232E+04 -0.440816E+02  0.317582E+01
0.102312E+04 -0.441637E+02  0.318363E+01
0.102392E+04 -0.442459E+02  0.319145E+01
0.102472E+04 -0.443282E+02  0.319927E+01
0.102553E+04 -0.444106E+02  0.320709E+01
0.102633E+04 -0.444931E+02  0.321492E+01
0.102713E+04 -0.445757E+02  0.322275E+01
0.102793E+04 -0.446584E+02  0.323059E+01
0.102873E+04 -0.447412E+02  0.323843E+01
0.102953E+04 -0.448242E+02  0.324628E+01
0.103033E+04 -0.449072E+02  0.325413E+01
0.103113E+04 -0.449903E+02  0.326200E+01
0.103193E+04 -0.450735E+02  0.326987E+01
0.103273E+04 -0.451569E+02  0.327774E+01
0.103353E+04 -0.452403E+02  0.328563E+01
0.103433E+04 -0.453238E+02  0.329353E+01
0.103514E+04 -0.454075E+02  0.330143E+01
0.103594E+04 -0.454912E+02  0.330935E+01
0.103674E+04 -0.455750E+02  0.331727E+01
0.103754E+04 -0.456590E+02  0.332521E+01
0.103834E+04 -0.457430E+02  0.333316E+01
0.103914E+04 -0.458271E+02  0.334112E+01
0.103994E+04 -0.459114E+02  0.334909E+01
0.104074E+04 -0.459957E+02  0.335708E+01
0.104154E+04 -0.460801E+02  0.336508E+01
0.104234E+04 -0.461646E+02  0.337309E+01
0.104314E+04 -0.462492E+02  0.338112E+01
0.104394E+04 -0.463339E+02  0.338916E+01
0.104474E+04 -0.464187E+02  0.339722E+01
0.104555E+04 -0.465035E+02  0.340529E+01
0.104635E+04 -0.465885E+02  0.341338E+01
0.104715E+04 -0.466736E+02  0.342149E+01
0.104795E+04 -0.467587E+02  0.342962E+01
0.104875E+04 -0.468440E+02  0.343776E+01
0.104955E+04 -0.469293E+02  0.344592E+01
0.105035E+04 -0.470147E+02  0.345410E+01
0.105115E+04 -0.471002E+02  0.346229E+01
0.105195E+04 -0.471858E+02  0.347051E+01
0.105275E+04 -0.472715E+02  0.347875E+01
0.105355E+04 -0.473573E+02  0.348701E+01
0.105435E+04 -0.474431E+02  0.349529E+01
0.105516E+04 -0.475291E+02  0.350359E+01
0.105596E+04 -0.476151E+02  0.351191E+01
0.105676E+04 -0.477012E+02  0.352025E+01
0.105756E+04 -0.477874E+02  0.352862E+01
0.105836E+04 -0.478736E+02  0.353701E+01
0.105916E+04 -0.479600E+02  0.354543E+01
0.105996E+04 -0.480464E+02  0.355387E+01
0.106076E+04 -0.481329E+02  0.356234E+01
0.106156E+04 -0.482195E+02  0.357083E+01
0.106236E+04 -0.483062E+02  0.357934E+01
0.106316E+04 -0.483930E+02  0.358789E+01
0.106396E+04 -0.484798E+02  0.359646E+01
0.106476E+04 -0.485667E+02  0.360505E+01
0.106557E+04 -0.486537E+02  0.361368E+01
0.106637E+04 -0.487408E+02  0.362233E+01
0.106717E+04 -0.488279E+02  0.363101E+01
0.106797E+04 -0.489151E+02  0.363972E+01
0.106877E+04 -0.490024E+02  0.364846E+01
0.106957E+04 -0.490898E+02  0.365724E+01
0.107037E+04 -0.491772E+02  0.366604E+01
0.107117E+04 -0.492647E+02  0.367487E+01
0.107197E+04 -0.493523E+02  0.368373E+01
0.107277E+04 -0.494400E+02  0.369263E+01
0.107357E+04 -0.495277E+02  0.370156E+01
0.107437E+04 -0.496155E+02  0.371052E+01
0.107518E+04 -0.497033E+02  0.371952E+01
0.107598E+04 -0.497913E+02  0.372855E+01
0.107678E+04 -0.498793E+02  0.373761E+01
0.107758E+04 -0.499673E+02  0.374671E+01
0.107838E+04 -0.500555E+02  0.375585E+01
0.107918E+04 -0.501437E+02  0.376502E+01
0.107998E+04 -0.502320E+02  0.377423E+01
0.108078E+04 -0.503203E+02  0.378347E+01
0.108158E+04 -0.504087E+02  0.379275E+01
0.108238E+04 -0.504972E+02  0.380207E+01
0.108318E+04 -0.505857E+02  0.381143E+01
0.108398E+04 -0.506743E+02  0.382083E+01
0.108478E+04 -0.507630E+02  0.383026E+01
0.108559E+04 -0.508517E+02  0.383974E+01
0.108639E+04 -0.509405E+02  0.384926E+01
0.108719E+04 -0.510293E+02  0.385881E+01
0.108799E+04 -0.511182E+02  0.386841E+01
0.108879E+04 -0.512072E+02  0.387805E+01
0.108959E+04 -0.512962E+02  0.388773E+01
0.109039E+04 -0.513853E+02  0.389745E+01
0.109119E+04 -0.514744E+02  0.390721E+01
0.109199E+04 -0.515636E+02  0.391701E+01
0.109279E+04 -0.516529E+02  0.392685E+01
0.109359E+04 -0.517422E+02  0.393673E+01
0.109439E+04 -0.518316E+02  0.394665E+01
0.109520E+04 -0.519211E+02  0.395661E+01
0.109600E+04 -0.520106E+02  0.396660E+01
0.109680E+04 -0.521002E+02  0.397663E+01
0.109760E+04 -0.521898E+02  0.398670E+01
0.109840E+04 -0.522795E+02  0.399681E+01
0.109920E+04 -0.523693E+02  0.400695E+01
0.110000E+04 -0.524592E+02  0.401713E+01
